2	0
0	0
0	0
0	0
0	0
0	0
0	0
0	0
0	0
0	0
0	0
0	0
0	0
0	0
0	0
0	0
0	0
0	0
0	0
0	0
0	0
0	0
0	0
0	0
0	0
2	1
0	0
0	0
0	0
0	0
0	0
0	0
0	0
0	0
0	0
0	0
4	0
0	0
0	0
0	0
0	0
0	0
0	0
0	0
2	0
0	0
0	0
0	0
2	0
0	0
0	0
2	0
0	0
0	0
0	0
0	0
2	0
0	0
0	0
0	0
2	0
0	0
0	0
0	0
0	0
0	0
0	0
0	0
0	0
2	0
2	0
2	0
0	0
0	0
0	0
0	0
0	0
0	0
0	0
0	0
0	0
0	0
0	0
2	0
0	0
2	0
0	0
2	1
2	0
0	0
0	0
0	0
0	0
0	0
0	0
0	0
0	0
0	0
2	2
0	0
0	0
0	0
0	0
0	0
0	0
0	0
0	0
0	0
0	0
0	0
0	0
0	0
2	1
0	0
0	0
0	0
0	0
0	0
0	0
0	0
0	0
0	0
0	0
0	0
0	0
0	0
2	1
0	0
0	0
0	0
0	0
0	0
0	0
0	0
0	0
0	0
0	0
2	1
0	0
0	0
0	0
0	0
0	0
0	0
0	0
0	0
0	0
0	0
0	0
0	0
4	2
0	0
0	0
2	1
4	3
0	0
0	0
0	0
0	0
0	0
2	2
0	0
0	0
0	0
0	0
2	2
0	0
2	2
2	1
0	0
0	0
0	0
0	0
0	0
0	0
0	0
4	2
0	0
2	0
0	0
0	0
0	0
0	0
0	0
0	0
0	0
0	0
0	0
0	0
0	0
0	0
0	0
0	0
0	0
2	2
0	0
0	0
0	0
0	0
2	0
0	0
0	0
2	2
0	0
0	0
0	0
2	2
0	0
0	0
0	0
0	0
2	1
2	0
0	0
0	0
0	0
0	0
2	2
0	0
0	0
0	0
0	0
0	0
0	0
0	0
2	2
0	0
0	0
0	0
0	0
0	0
2	2
0	0
0	0
2	2
0	0
0	0
0	0
0	0
2	2
0	0
0	0
0	0
2	1
0	0
0	0
0	0
0	0
0	0
2	1
0	0
2	2
2	2
0	0
0	0
2	1
2	1
0	0
2	2
0	0
0	0
0	0
0	0
2	2
2	2
2	1
0	0
0	0
0	0
0	0
0	0
0	0
0	0
2	1
0	0
0	0
2	1
0	0
2	2
0	0
0	0
0	0
0	0
0	0
0	0
2	1
0	0
0	0
2	2
0	0
0	0
0	0
0	0
0	0
0	0
0	0
0	0
0	0
0	0
0	0
0	0
0	0
0	0
0	0
0	0
0	0
0	0
0	0
0	0
0	0
0	0
0	0
0	0
0	0
0	0
0	0
0	0
0	0
0	0
0	0
0	0
0	0
0	0
0	0
0	0
0	0
0	0
0	0
2	1
0	0
0	0
0	0
0	0
2	2
0	0
0	0
0	0
0	0
2	2
0	0
0	0
0	0
0	0
4	2
0	0
0	0
0	0
2	2
4	4
0	0
4	4
74	57
20	17
6	6
28	20
18	17
64	51
2	2
122	101
4	4
8	6
62	51
0	0
10	6
2	2
8	7
2	2
0	0
0	0
0	0
0	0
0	0
0	0
0	0
0	0
0	0
0	0
0	0
0	0
0	0
10	7
0	0
0	0
0	0
0	0
0	0
0	0
0	0
1738	1433
