5.283067290686136418e-03
5.277864861023927670e-03
5.267862589284043329e-03
5.252196966457287237e-03
5.231533918017416442e-03
5.205492776518960175e-03
5.174513323595131969e-03
5.138512609261151540e-03
5.098111545329766375e-03
5.061926067225261394e-03
5.030843510733616977e-03
5.004080594669988759e-03
4.982035663513387572e-03
4.964781117087490453e-03
4.952676081784036614e-03
4.945103451618234301e-03
4.943099936908892759e-03
4.945458743117155283e-03
4.952681089834347003e-03
4.964896551638278352e-03
4.981653337791795352e-03
5.003666206561849586e-03
5.030817000570156697e-03
5.060187834349761868e-03
5.087965678947473612e-03
5.111556712243524314e-03
5.147303553697978734e-03
5.196111360978257487e-03
5.253266200334636392e-03
5.323424726953989404e-03
5.400272977902635836e-03
5.469984330904101646e-03
5.529371689807065574e-03
5.585907145667475676e-03
5.621425886163086694e-03
5.656513944018876257e-03
5.682989281654784834e-03
5.694093191157847261e-03
5.712814464686040601e-03
5.732536979480716902e-03
5.754215021177384523e-03
5.770745945214474266e-03
5.780027598401234895e-03
5.781635907988573464e-03
5.775786694764658766e-03
5.761912001251238806e-03
5.750685702239106446e-03
5.740522160744226596e-03
5.733034329711072380e-03
5.727330259386433434e-03
5.723796259742079152e-03
5.719416537844611466e-03
5.714166599558906552e-03
5.707975017114158729e-03
5.700793961295848485e-03
5.693090948678968324e-03
5.681093009326631388e-03
5.665323708471995366e-03
5.645827984365527422e-03
5.621875770691370233e-03
5.594257679620342691e-03
5.567255089905391412e-03
5.540536557074276884e-03
5.515011029135510195e-03
5.489855246802303503e-03
5.465495458659719481e-03
5.441948630421700357e-03
5.419019069030985535e-03
5.396738009468917720e-03
5.375354628751669375e-03
5.354531038765601020e-03
5.334589163604380735e-03
5.315423400035578123e-03
5.296985424550886348e-03
5.279580717605141839e-03
5.262768789748154159e-03
5.247136823863964364e-03
5.232186790874992013e-03
5.218058724515909318e-03
5.204913116222092961e-03
5.192432247874400990e-03
5.180703626055713391e-03
5.170152039824640888e-03
5.160111515823058090e-03
5.151152502791536691e-03
5.143168009954032435e-03
5.135945229959291460e-03
5.129692550864538812e-03
5.124930209469142316e-03
5.120751370199646754e-03
5.118299714669123993e-03
5.116914074466283151e-03
5.116379847747941183e-03
5.117242131833619687e-03
5.118749042197326925e-03
5.121445910007166487e-03
5.124859671912813421e-03
5.129887500003937201e-03
5.135349818270104442e-03
5.142365853596124643e-03
5.150377959027327424e-03
5.155605852874379363e-03
5.158802624544598855e-03
5.159641492038154545e-03
5.162076727536427621e-03
5.167346184780273292e-03
5.174156147582497506e-03
5.183151761299683441e-03
5.194256780779802317e-03
5.207172954864832531e-03
5.221890860301312692e-03
5.235302716567175225e-03
5.246902599248976298e-03
5.261316810252179843e-03
5.278615523074330768e-03
5.298672290648073248e-03
5.325865229024056603e-03
5.360242053501794446e-03
5.402239422816128116e-03
5.451011984176024061e-03
5.507794628649453558e-03
5.571824659719750578e-03
5.642851847007452834e-03
5.721964912482360895e-03
5.812102077156675560e-03
5.910163503045173621e-03
6.013125831415181734e-03
6.119746394061456769e-03
6.231213703373011080e-03
6.346979101064897759e-03
6.467031209958039491e-03
6.587835927260436188e-03
6.709411220860087358e-03
6.836090814379155653e-03
6.971503483370449991e-03
7.116847485695648561e-03
7.270888177395185871e-03
7.430400453002440446e-03
7.592148982963756350e-03
7.754896651937182896e-03
7.923780427069090221e-03
8.098726644435911420e-03
8.279082342497814939e-03
8.465660394598112717e-03
8.658353238017488240e-03
8.856354475308724980e-03
9.064893421668602028e-03
9.283165475637802921e-03
9.511274603502786057e-03
9.749743526495864218e-03
9.994106658890885425e-03
1.024460050143032389e-02
1.050125040621942979e-02
1.076382354637401943e-02
1.103271877459076518e-02
1.130355853068082221e-02
1.157726551720062412e-02
1.185271714777085157e-02
1.212695882962429306e-02
1.239924317067774354e-02
1.266982156942723058e-02
1.293863680764724584e-02
1.320595993247358942e-02
1.347148547400224203e-02
1.373140405383122507e-02
1.398580197163826200e-02
1.423411526717178327e-02
1.447697936345804758e-02
1.471413185738857515e-02
1.494538952346955232e-02
1.517140092608650244e-02
1.539134483130483004e-02
1.560145825237648810e-02
1.580117095944742756e-02
1.599085580670470130e-02
1.617036052934143348e-02
1.633974972391114694e-02
1.651098080990425973e-02
1.668669820310469606e-02
1.686745247578510382e-02
1.705313775643197902e-02
1.724293918791723265e-02
1.743804955789336752e-02
1.763306215336496105e-02
1.782844632036451396e-02
1.802442191759385040e-02
1.822065246861920979e-02
1.841221297774720336e-02
1.859982979365083777e-02
1.878219311103763653e-02
1.897168161294993105e-02
1.916737576418215197e-02
1.936975640259899073e-02
1.957893438795256513e-02
1.979437198354142349e-02
2.001149928320968691e-02
2.023040629599417994e-02
2.045031295378944500e-02
2.067288299331991597e-02
2.089636867431890824e-02
2.112217614392489576e-02
2.134979388995357844e-02
2.157858158367083681e-02
2.180971113239459080e-02
2.204203468765558380e-02
2.227628331330686398e-02
2.251237900456366098e-02
2.275001789818705336e-02
2.298943893154771836e-02
2.323019537905638560e-02
2.347258074624616539e-02
2.372638791176451614e-02
2.399205891272852137e-02
2.427422817743492625e-02
2.457270765800799103e-02
2.488806956210925028e-02
2.522005376036515548e-02
2.556845720667806632e-02
2.593382982274001006e-02
2.631556135115085265e-02
2.671378199664172295e-02
2.713081546088579044e-02
2.756002350086306923e-02
2.800172158614341530e-02
2.845021651926295247e-02
2.890435959107900965e-02
2.936571464272936388e-02
2.983278583262116701e-02
3.030674817848982849e-02
3.078083518227761953e-02
3.125512666780513871e-02
3.172985964940720771e-02
3.220456208520885294e-02
3.267943124282104983e-02
3.315435471069213408e-02
3.362374211455169265e-02
3.408917121719953758e-02
3.455048221430723210e-02
3.500781164534991913e-02
3.546323885163198825e-02
3.591648114276380088e-02
3.636754283798641907e-02
3.681649426905316685e-02
3.726315941124695719e-02
3.770752811384250197e-02
3.815007660570104292e-02
3.858996900635347505e-02
3.902806003939970209e-02
3.946355619989738023e-02
3.989672260627978584e-02
4.032779291369424646e-02
4.075638393228291079e-02
4.118334636595684384e-02
4.160808088855130066e-02
4.203112380311058854e-02
4.245207006967643970e-02
4.287089338426936652e-02
4.328759685661189016e-02
4.370216656506150515e-02
4.411440212821953616e-02
4.452496785675907204e-02
4.493298978230840512e-02
4.533931924082286458e-02
4.574246857019001467e-02
4.614249392511030057e-02
4.653970346002483244e-02
4.693362648733551135e-02
4.732469484148165567e-02
4.771288589730226376e-02
4.809802246476202470e-02
4.848043598681836541e-02
4.886000425364786515e-02
4.923646160294349594e-02
4.961048937423868238e-02
4.998104176486392602e-02
5.034916667270893792e-02
5.071390936145039191e-02
5.107385623280986942e-02
5.142866215314800121e-02
5.177857149944848497e-02
5.212333987366993271e-02
5.246339088376821003e-02
5.279814974289725321e-02
5.312821865790270243e-02
5.345306767060440528e-02
5.377303767808583324e-02
5.408802734041471411e-02
5.439801078425932773e-02
5.470303947356526530e-02
5.500314315135453741e-02
5.529808095166533627e-02
5.557731059317038563e-02
5.584049110613752837e-02
5.608787636163863749e-02
5.631968259042949981e-02
5.653531475955641400e-02
5.673551131907081380e-02
5.691940385509429434e-02
5.708732242815605512e-02
5.723931552519050808e-02
5.737496602888645519e-02
5.749860857656582253e-02
5.760562316243224984e-02
5.769619915472568028e-02
5.777379578502843394e-02
5.783797086400993548e-02
5.789209486910552177e-02
5.793609654731651099e-02
5.796978224304873833e-02
5.799379248252706925e-02
5.800755643225824487e-02
5.801175746246788750e-02
5.800581983979171546e-02
5.799003498918297445e-02
5.796410771891968849e-02
5.792831457973827286e-02
5.788240412498638771e-02
5.782689136182687234e-02
5.776367447883368200e-02
5.769539036505009350e-02
5.762387798145814088e-02
5.754907911321451019e-02
5.747101226514923084e-02
5.738957379989877844e-02
5.730505063529255094e-02
5.721728669296201331e-02
5.712657057339286248e-02
5.703254083512572514e-02
5.693541393256301014e-02
5.683677971557812153e-02
5.673685873149623971e-02
5.663553902623243153e-02
5.653326766745551263e-02
5.643101945981866124e-02
5.632952149619434301e-02
5.622775641788044926e-02
5.612639798946002928e-02
5.602498972689508305e-02
5.592542560724617778e-02
5.582757496404276709e-02
5.573191721255281450e-02
5.563912376402729149e-02
5.554988026343477686e-02
5.546325962713240243e-02
5.537986231002469534e-02
5.530050347108156350e-02
5.522558629945642505e-02
5.515477165190296738e-02
5.508857055125469110e-02
5.502626580278454499e-02
5.496847104994408151e-02
5.491468519054056724e-02
5.486524937529228818e-02
5.482214822195746740e-02
5.478555818602402067e-02
5.475510686997973886e-02
5.473122887820650040e-02
5.471322818203620125e-02
5.470173631008687365e-02
5.469628954663358772e-02
5.469742503235506398e-02
5.470476162407109794e-02
5.471869216609274306e-02
5.473869021340396768e-02
5.475820405487680925e-02
5.477681475017250751e-02
5.479492580985319966e-02
5.481212192482901036e-02
5.482897444935564552e-02
5.484486021443817083e-02
5.486025770313809891e-02
5.487467416458149949e-02
5.488842997764022125e-02
5.490128510301120479e-02
5.491362507504055079e-02
5.492510745796037180e-02
5.493615701479358238e-02
5.494621451023996850e-02
5.495566632132196233e-02
5.496399336776964378e-02
5.497146246490442617e-02
5.497795704170382186e-02
5.498337784639483611e-02
5.498792608152312106e-02
5.499152993093992664e-02
5.499399396569672194e-02
5.499588309125900271e-02
5.499660079011183672e-02
